9486,1,296,51,389,75.41,2800.1
9487,1,273,54,359,84.88,2800.1
9488,1,264,49,359,93.43,2800.1
9489,1,272,55,360,102.15,2800.1
9490,1,263,49,355,110.79,2800.1
9491,1,247,54,330,119.76,2800.1
9492,1,312,50,406,127.77,2800.1
9493,1,279,54,364,137.79,2800.1
9494,1,284,50,374,146.81,2800.1
9495,1,298,55,385,156.05,2800.1
9496,1,303,48,411,165.17,2800.1
9497,1,310,55,399,174.75,2800.1
9498,1,303,49,394,184.66,2800.1

=== VirtualBlobs Profiling Report (Single Frame) ===
UNITS: All times in microseconds (μs), percentages of total render time

--- Per-Arm Timing ---
Inner Arm:   103 μs  ( 37.3%)
Middle Arm:  101 μs  ( 36.6%)
Outer Arm:    72 μs  ( 26.1%)
TOTAL:       276 μs

--- Detailed Operation Breakdown ---
Angle checks (isAngleInArc):          30 μs  ( 10.9%)  [~150 calls]
Radial checks (isVirtualLedInBlob):   27 μs  (  9.8%)
Color blends (RGB addition):           5 μs  (  1.8%)
Array lookups (PHYSICAL_TO_VIRTUAL):   26 μs  (  9.4%)  [30 calls]
RgbColor construction:                27 μs  (  9.8%)  [30 calls]
SetPixelColor calls:                  29 μs  ( 10.5%)  [30 calls]
Timing instrumentation overhead:      84 μs  ( 30.4%)
Unmeasured (loop/other overhead):     48 μs  ( 17.4%)

Measurement overhead per esp_timer_get_time() call: 1 μs
====================================================

9499,1,1256,66,1353,193.95,2800.1
9500,1,260,54,381,219.20,2800.1
9501,1,248,56,334,229.18,2800.1
9502,1,251,50,341,237.34,2800.1
9503,1,250,56,335,246.08,2800.1
9504,1,283,50,373,254.40,2800.1
9505,1,279,57,364,263.67,2800.1
9506,1,307,50,404,272.40,2800.1
9507,1,312,53,393,282.18,2800.1
9508,1,310,57,414,291.52,2800.1
9509,1,297,53,382,301.62,2800.1
9510,1,290,52,385,310.81,2800.1
9511,1,295,56,380,320.47,2800.1
9512,1,287,52,384,329.49,2800.1
9513,1,246,54,331,339.20,2800.1
9514,1,253,52,353,347.69,2800.1
9515,1,243,53,327,356.39,2800.1
9516,1,257,53,358,4.57,2800.1
9517,1,279,55,368,13.41,2800.1
9518,1,285,52,378,22.55,2800.1
9519,1,308,56,398,31.92,2800.1
9520,1,305,57,404,41.53,2800.1
9521,1,314,56,404,51.02,2800.1
9522,1,309,50,401,60.73,2800.1
9523,1,290,57,383,70.19,2800.1
9524,1,309,50,407,79.51,2800.1
9525,1,277,55,365,89.41,2800.1
9526,1,249,51,344,98.06,2800.1
9527,1,267,53,350,106.63,2800.1
9528,1,258,52,353,115.40,2800.1
9529,1,245,55,340,124.35,2800.1
9530,1,286,52,382,132.87,2800.1
9531,1,270,55,356,142.75,2800.1
9532,1,313,53,404,151.35,2800.1
9533,1,299,53,386,161.45,2800.1
9534,1,315,53,409,170.60,2800.1
9535,1,301,55,389,180.73,2800.1
9536,1,282,53,374,190.16,2800.1
9537,1,296,56,385,199.52,2800.1
9538,1,271,50,361,208.87,2800.1
9539,1,247,61,339,217.88,2800.1
9540,1,245,55,340,226.46,2800.1
9541,1,245,57,334,234.95,2800.1
9542,1,248,51,339,243.55,2800.1
9543,1,281,56,368,252.13,2800.1
9544,1,277,51,366,261.14,2800.1
9545,1,282,56,366,270.04,2800.1
9546,1,307,50,396,279.15,2800.1
9547,1,305,57,391,288.66,2800.1
9548,1,311,50,403,298.22,2800.1
9549,1,281,55,370,308.18,2800.1
9550,1,303,53,399,317.37,2800.1
9551,1,266,54,352,327.15,2800.1
9552,1,258,57,360,335.82,2800.1
9553,1,239,64,335,345.12,2800.1
9554,1,258,52,353,353.46,2800.1
9555,1,245,53,328,2.44,2800.1
9556,1,294,52,390,10.49,2800.1
9557,1,276,53,361,20.18,2800.1
9558,1,294,52,390,28.92,2800.1
9559,1,305,55,393,38.43,2800.1
9560,1,317,53,419,47.84,2800.1
9561,1,308,55,396,58.00,2800.1
9562,1,281,51,374,67.63,2800.1
9563,1,313,55,402,76.58,2800.1
9564,1,280,50,372,86.39,2800.1
9565,1,256,57,347,95.38,2800.1
9566,1,277,50,366,104.03,2800.1
9567,1,256,55,345,113.00,2800.1
9568,1,253,50,345,121.72,2800.1
9569,1,282,56,369,130.39,2800.1
9570,1,281,50,374,139.63,2800.1
9571,1,276,57,373,148.91,2800.1
9572,1,304,50,397,158.11,2800.1
9573,1,300,54,389,168.02,2800.1
9574,1,313,53,414,177.33,2800.1
9575,1,271,54,357,187.41,2800.1
9576,1,286,52,380,196.13,2800.1
9577,1,268,55,351,205.50,2800.1
9578,1,258,52,352,214.06,2800.1
9579,1,268,53,352,222.99,2800.1
9580,1,256,53,347,231.80,2800.1
9581,1,246,53,337,240.31,2800.1
9582,1,286,52,378,248.90,2800.1
9583,1,276,55,361,257.97,2800.1
9584,1,282,52,375,267.03,2800.1
9585,1,303,56,384,276.33,2800.1
9586,1,301,52,394,285.96,2800.1
9587,1,310,56,397,295.38,2800.1
9588,1,305,50,397,305.11,2800.1
9589,1,283,57,376,314.50,2800.1
9590,1,306,50,399,323.96,2800.1
9591,1,248,56,339,333.77,2800.1
9592,1,273,50,384,342.26,2800.1
9593,1,257,53,340,351.61,2800.1
9594,1,257,52,351,0.12,2800.1
9595,1,290,55,374,8.80,2800.1
9596,1,286,52,381,17.91,2800.1
9597,1,273,54,366,27.42,2800.1
9598,1,321,53,417,36.07,2800.1

=== VirtualBlobs Profiling Report (Single Frame) ===
UNITS: All times in microseconds (μs), percentages of total render time

--- Per-Arm Timing ---
Inner Arm:   103 μs  ( 34.6%)
Middle Arm:   96 μs  ( 32.2%)
Outer Arm:    99 μs  ( 33.2%)
TOTAL:       298 μs

--- Detailed Operation Breakdown ---
Angle checks (isAngleInArc):          32 μs  ( 10.7%)  [~150 calls]
Radial checks (isVirtualLedInBlob):   30 μs  ( 10.1%)
Color blends (RGB addition):          12 μs  (  4.0%)
Array lookups (PHYSICAL_TO_VIRTUAL):   23 μs  (  7.7%)  [30 calls]
RgbColor construction:                24 μs  (  8.1%)  [30 calls]
SetPixelColor calls:                  28 μs  (  9.4%)  [30 calls]
Timing instrumentation overhead:       0 μs  (  0.0%)
Unmeasured (loop/other overhead):    149 μs  ( 50.0%)

Measurement overhead per esp_timer_get_time() call: 0 μs
====================================================

9599,1,1270,71,1375,46.25,2800.1
9600,1,311,54,421,71.72,2800.1
9601,1,298,54,381,82.15,2800.1
9602,1,259,51,357,91.24,2800.1
9603,1,245,54,332,99.84,2800.1
9604,1,261,50,355,108.11,2800.1
9605,1,245,56,340,116.91,2800.1
9606,1,256,50,346,125.46,2800.1
9607,1,278,55,369,134.41,2800.1
9608,1,280,48,378,143.42,2800.1
9609,1,303,60,398,152.76,2800.1
9610,1,303,48,394,162.37,2800.1
9611,1,306,57,396,171.90,2800.1
9612,1,305,47,394,181.32,2800.1
9613,1,279,55,369,190.88,2800.1
9614,1,301,49,391,199.63,2800.1
9615,1,271,55,354,209.12,2800.1
9616,1,248,47,341,217.74,2800.1
9617,1,247,57,332,226.41,2800.1
9618,1,249,48,341,234.63,2800.1
9619,1,249,55,332,243.43,2800.1
9620,1,277,49,362,251.61,2800.1
9621,1,288,53,370,260.57,2800.1
9622,1,281,50,369,269.27,2800.1
9623,1,298,60,390,278.24,2800.1
9624,1,314,50,402,287.82,2800.1
9625,1,297,54,383,297.41,2800.1
9626,1,291,51,383,306.58,2800.1
9627,1,294,54,383,316.12,2800.1
9628,1,311,50,401,325.30,2800.1
9629,1,245,55,345,334.92,2800.1
9630,1,277,50,365,343.54,2800.1
9631,1,246,55,339,353.03,2800.1
9632,1,264,48,347,1.33,2800.1
9633,1,283,56,369,9.88,2800.1
9634,1,283,47,377,18.75,2800.1
9635,1,284,58,378,28.08,2800.1
9636,1,309,48,399,37.00,2800.1
9637,1,313,55,401,46.56,2800.1
9638,1,308,48,397,55.95,2800.1
9639,1,314,56,407,65.42,2800.1
9640,1,284,48,372,74.90,2800.1
9641,1,306,57,403,84.00,2800.1
9642,1,260,50,357,93.65,2800.1
9643,1,282,54,362,102.50,2800.1
9644,1,257,50,346,111.15,2800.1
9645,1,244,53,329,119.84,2800.1
9646,1,286,54,383,128.29,2800.1
9647,1,269,56,353,137.78,2800.1
9648,1,289,50,379,146.32,2800.1
9649,1,296,53,387,155.67,2800.1
9650,1,314,51,407,164.68,2800.1
9651,1,297,54,381,174.54,2800.1
9652,1,312,50,402,183.54,2800.1
9653,1,270,55,355,193.19,2800.1
9654,1,307,50,405,201.76,2800.1
9655,1,245,55,330,211.65,2800.1
9656,1,284,48,367,219.73,2800.1
9657,1,246,55,334,228.69,2800.1
9658,1,246,48,344,237.17,2800.1
9659,1,272,57,357,245.84,2800.1
9660,1,277,49,366,254.66,2800.1
9661,1,277,60,366,263.83,2800.1
9662,1,308,48,395,272.57,2800.1
9663,1,306,55,391,282.04,2800.1
9664,1,304,47,391,291.40,2800.1
9665,1,307,57,399,300.66,2800.1
9666,1,281,47,368,310.15,2800.1
9667,1,298,56,391,319.22,2800.1
9668,1,283,51,379,328.78,2800.1
9669,1,241,54,326,338.17,2800.1
9670,1,254,50,348,346.79,2800.1
9671,1,238,56,320,355.58,2800.1
9672,1,260,50,355,3.84,2800.1
9673,1,275,58,365,12.54,2800.1
9674,1,291,50,383,21.42,2800.1
9675,1,302,53,385,30.52,2800.1
9676,1,321,50,416,39.59,2800.1
9677,1,300,55,382,49.39,2800.1
9678,1,320,49,414,58.41,2800.1
9679,1,278,54,361,68.12,2800.1
9680,1,314,50,411,76.79,2800.1
9681,1,277,55,370,86.75,2800.1
9682,1,252,48,351,95.59,2800.1
9683,1,253,57,342,104.37,2800.1
9684,1,251,48,341,112.91,2800.1
9685,1,251,61,347,121.74,2800.1
9686,1,275,49,366,130.30,2800.1
9687,1,283,56,372,139.33,2800.1
9688,1,279,47,368,148.46,2800.1
9689,1,307,57,399,157.50,2800.1
9690,1,304,48,395,166.99,2800.1
9691,1,306,55,394,176.55,2800.1
9692,1,277,48,380,185.94,2800.1
9693,1,297,56,380,195.23,2800.1
9694,1,304,50,390,204.42,2800.1
9695,1,239,55,325,214.04,2800.1
9696,1,278,50,365,222.29,2800.1
9697,1,238,54,329,231.31,2800.1
9698,1,253,52,340,239.48,2800.1

=== VirtualBlobs Profiling Report (Single Frame) ===
UNITS: All times in microseconds (μs), percentages of total render time

--- Per-Arm Timing ---
Inner Arm:    99 μs  ( 41.6%)
Middle Arm:   70 μs  ( 29.4%)
Outer Arm:    69 μs  ( 29.0%)
TOTAL:       238 μs

--- Detailed Operation Breakdown ---
Angle checks (isAngleInArc):          30 μs  ( 12.6%)  [~150 calls]
Radial checks (isVirtualLedInBlob):   10 μs  (  4.2%)
Color blends (RGB addition):           4 μs  (  1.7%)
Array lookups (PHYSICAL_TO_VIRTUAL):   28 μs  ( 11.8%)  [30 calls]
RgbColor construction:                24 μs  ( 10.1%)  [30 calls]
SetPixelColor calls:                  23 μs  (  9.7%)  [30 calls]
Timing instrumentation overhead:      58 μs  ( 24.4%)
Unmeasured (loop/other overhead):     61 μs  ( 25.6%)

Measurement overhead per esp_timer_get_time() call: 1 μs
====================================================

9699,1,1222,73,1327,248.15,2800.1
9700,1,327,57,435,273.01,2800.1
9701,1,298,54,381,284.03,2800.1
9702,1,315,53,410,293.22,2800.1
9703,1,304,54,390,303.27,2800.1
9704,1,285,52,381,312.84,2800.1
9705,1,296,57,384,322.39,2800.1
9706,1,248,50,341,331.78,2800.1
9707,1,272,60,366,340.60,2800.1
9708,1,248,52,341,349.86,2800.1
9709,1,252,55,341,358.49,2800.1
9710,1,254,50,344,7.16,2800.1
9711,1,286,57,377,15.56,2800.1
9712,1,283,49,375,24.80,2800.1
9713,1,313,55,401,33.90,2800.1
9714,1,311,50,405,43.53,2800.1
9715,1,310,56,399,53.22,2800.1
9716,1,312,53,406,62.97,2800.1
9717,1,278,56,368,72.75,2800.1
9718,1,320,52,420,81.55,2800.1
9719,1,245,54,331,91.75,2800.1
9720,1,287,53,383,99.90,2800.1
9721,1,247,53,334,109.39,2800.1
9722,1,265,52,364,117.60,2800.1
9723,1,245,55,329,126.61,2800.1
9724,1,288,52,386,134.82,2800.1
9725,1,277,54,369,144.26,2800.1
9726,1,308,53,412,153.35,2800.1
9727,1,302,56,389,163.28,2800.1
9728,1,301,51,393,173.03,2800.1
9729,1,307,58,396,182.42,2800.1
9730,1,280,50,374,192.21,2800.1
9731,1,303,55,391,201.37,2800.1
9732,1,250,50,340,210.71,2800.1
9733,1,274,55,364,219.18,2800.1
9734,1,251,50,342,228.28,2800.1
9735,1,249,57,334,237.00,2800.1
9736,1,278,50,369,245.23,2800.1
9737,1,275,55,366,254.49,2800.1
9738,1,277,50,379,263.19,2800.1
9739,1,316,54,399,272.40,2800.1
9740,1,307,53,402,282.06,2800.1
9741,1,297,55,390,291.78,2800.1
9742,1,316,53,413,301.01,2800.1
9743,1,273,54,359,311.19,2800.1
9744,1,310,53,404,319.87,2800.1
9745,1,251,53,338,329.82,2800.1
9746,1,277,52,377,338.40,2800.1
9747,1,243,56,330,347.81,2800.1
9748,1,251,51,340,356.46,2800.1
9749,1,276,56,366,5.17,2800.1
9750,1,281,50,380,14.07,2800.1
9751,1,280,55,367,23.23,2800.1
9752,1,307,50,396,32.30,2800.1
9753,1,314,58,408,41.57,2800.1
9754,1,310,50,400,51.35,2800.1
9755,1,312,55,400,60.78,2800.1
9756,1,288,51,378,70.28,2800.1
9757,1,307,56,406,79.46,2800.1
9758,1,259,52,353,89.32,2800.1
9759,1,270,55,361,98.14,2800.1
9760,1,258,52,351,106.82,2800.1
9761,1,243,54,327,115.96,2800.1
9762,1,257,52,352,124.13,2800.1
9763,1,270,63,365,133.28,2800.1
9764,1,287,52,379,142.05,2800.1
9765,1,299,55,385,151.63,2800.1
9766,1,314,53,408,160.60,2800.1
9767,1,300,53,384,170.71,2800.1
9768,1,307,53,405,179.95,2800.1
9769,1,276,56,367,189.92,2800.1
9770,1,297,50,385,198.92,2800.1
9771,1,272,62,362,208.50,2800.1
9772,1,271,50,362,217.52,2800.1
9773,1,249,56,337,226.34,2800.1
9774,1,246,50,337,234.89,2800.1