19989,1,737,63,873,279.51,2800.1
19990,1,748,63,877,298.28,2800.1
19991,1,704,61,825,317.13,2800.1
19992,1,700,61,828,335.05,2800.1
19993,1,773,61,898,352.88,2800.1
19994,1,739,55,860,12.17,2800.1
19995,1,718,59,838,30.18,2800.1
19996,1,717,56,838,47.95,2800.1
19997,1,696,71,829,65.46,2800.1
19998,1,699,57,822,82.96,2800.1

=== VirtualBlobs Profiling Report (Single Frame) ===
UNITS: All times in microseconds (μs), percentages of total render time

--- Per-Arm Timing ---
Inner Arm:   227 μs  ( 34.9%)
Middle Arm:  208 μs  ( 32.0%)
Outer Arm:   216 μs  ( 33.2%)
TOTAL:       651 μs

--- Detailed Operation Breakdown ---
Angle checks (isAngleInArc):         258 μs  ( 39.6%)  [~150 calls]
Radial checks (isVirtualLedInBlob):    0 μs  (  0.0%)
Color blends (RGB addition):           0 μs  (  0.0%)
Array lookups (PHYSICAL_TO_VIRTUAL):   32 μs  (  4.9%)  [30 calls]
RgbColor construction:                23 μs  (  3.5%)  [30 calls]
SetPixelColor calls:                 104 μs  ( 16.0%)  [30 calls]
Timing instrumentation overhead:     300 μs  ( 46.1%)
Unmeasured (loop/other overhead):    -66 μs  (-10.1%)

Measurement overhead per esp_timer_get_time() call: 1 μs
====================================================

19999,1,1634,70,1767,100.21,2800.1
20000,1,780,61,917,132.37,2800.1
20001,1,721,60,848,152.88,2800.1
20002,1,757,61,882,170.86,2800.1
20003,1,698,59,820,189.88,2800.1
20004,1,703,68,838,207.62,2800.1
20005,1,727,62,851,225.95,2800.1
20006,1,751,60,877,244.21,2800.1
20007,1,725,60,845,263.31,2800.1
20008,1,737,62,863,281.82,2800.1
20009,1,754,60,876,300.66,2800.1
20010,1,709,60,834,319.57,2800.1
20011,1,698,63,825,337.82,2800.1
20012,1,762,59,886,355.79,2800.1
20013,1,738,64,865,15.11,2800.1
20014,1,725,59,850,33.39,2800.1
20015,1,743,60,865,51.35,2800.1
20016,1,703,58,826,69.54,2800.1
20017,1,696,60,821,87.03,2800.1
20018,1,738,60,879,104.39,2800.1
20019,1,731,59,849,123.05,2800.1
20020,1,762,62,893,141.50,2800.1
20021,1,735,62,858,160.68,2800.1
20022,1,758,59,887,179.16,2800.1
20023,1,696,62,834,198.18,2800.1
20024,1,702,62,829,216.21,2800.1
20025,1,766,62,887,234.22,2800.1
20026,1,759,60,891,253.25,2800.1
20027,1,734,63,864,272.44,2800.1
20028,1,753,61,880,291.32,2800.1
20029,1,709,63,832,310.24,2800.1
20030,1,705,61,829,328.28,2800.1
20031,1,733,61,854,346.26,2800.1
20032,1,726,58,856,4.75,2800.1
20033,1,750,57,864,22.50,2800.1
20034,1,721,57,842,40.35,2800.1
20035,1,734,59,861,58.26,2800.1
20036,1,730,55,851,76.27,2800.1
20037,1,694,60,817,94.01,2800.1
20038,1,769,55,890,111.40,2800.1
20039,1,744,60,868,129.56,2800.1
20040,1,735,60,860,148.53,2800.1
20041,1,729,64,855,167.29,2800.1
20042,1,711,59,837,185.61,2800.1
20043,1,704,63,827,203.77,2800.1
20044,1,749,59,877,221.63,2800.1
20045,1,729,63,853,240.59,2800.1
20046,1,753,62,887,258.70,2800.1
20047,1,735,62,858,278.17,2800.1
20048,1,758,62,886,296.60,2800.1
20049,1,734,62,868,315.59,2800.1
20050,1,699,57,828,334.54,2800.1
20051,1,756,61,882,352.60,2800.1
20052,1,726,58,850,11.55,2800.1
20053,1,723,59,841,29.64,2800.1
20054,1,721,58,845,47.40,2800.1
20055,1,688,61,810,65.31,2800.1
20056,1,705,57,824,82.63,2800.1
20057,1,693,61,832,99.87,2800.1
20058,1,766,60,891,117.67,2800.1
20059,1,753,60,876,136.29,2800.1
20060,1,729,61,854,155.19,2800.1
20061,1,744,62,874,173.43,2800.1
20062,1,704,57,832,192.30,2800.1
20063,1,701,62,824,210.56,2800.1
20064,1,732,62,857,228.52,2800.1
20065,1,737,62,859,247.14,2800.1
20066,1,730,60,857,265.72,2800.1
20067,1,740,63,872,284.15,2800.1
20068,1,706,63,832,302.96,2800.1
20069,1,705,60,826,321.14,2800.1
20070,1,704,62,830,339.15,2800.1
20071,1,770,62,894,357.28,2800.1
20072,1,745,56,867,16.51,2800.1
20073,1,716,61,837,35.04,2800.1
20074,1,750,58,879,52.75,2800.1
20075,1,697,59,818,71.15,2800.1
20076,1,703,58,826,88.52,2800.1
20077,1,722,61,846,106.07,2800.1
20078,1,733,59,861,123.95,2800.1
20079,1,746,63,884,142.58,2800.1
20080,1,727,64,856,161.46,2800.1
20081,1,703,61,824,179.91,2800.1
20082,1,736,61,869,197.82,2800.1
20083,1,696,63,833,216.62,2800.1
20084,1,771,58,894,234.76,2800.1
20085,1,748,64,876,254.28,2800.1
20086,1,779,62,905,272.93,2800.1
20087,1,784,62,910,292.38,2800.1
20088,1,741,64,871,311.62,2800.1
20089,1,729,63,856,330.72,2800.1
20090,1,768,60,896,348.98,2800.1
20091,1,764,60,900,8.35,2800.1
20092,1,765,60,888,27.36,2800.1
20093,1,765,62,889,46.14,2800.1
20094,1,749,59,875,64.84,2800.1
20095,1,747,62,876,83.48,2800.1
20096,1,806,64,948,101.91,2800.1
20097,1,759,63,883,121.82,2800.1
20098,1,788,61,915,140.65,2800.1

=== VirtualBlobs Profiling Report (Single Frame) ===
UNITS: All times in microseconds (μs), percentages of total render time

--- Per-Arm Timing ---
Inner Arm:   235 μs  ( 31.4%)
Middle Arm:  290 μs  ( 38.8%)
Outer Arm:   223 μs  ( 29.8%)
TOTAL:       748 μs

--- Detailed Operation Breakdown ---
Angle checks (isAngleInArc):         292 μs  ( 39.0%)  [~150 calls]
Radial checks (isVirtualLedInBlob):   11 μs  (  1.5%)
Color blends (RGB addition):           2 μs  (  0.3%)
Array lookups (PHYSICAL_TO_VIRTUAL):   26 μs  (  3.5%)  [30 calls]
RgbColor construction:                23 μs  (  3.1%)  [30 calls]
SetPixelColor calls:                 147 μs  ( 19.7%)  [30 calls]
Timing instrumentation overhead:     328 μs  ( 43.9%)
Unmeasured (loop/other overhead):    -81 μs  (-10.8%)

Measurement overhead per esp_timer_get_time() call: 1 μs
====================================================

20099,1,1782,92,1936,160.31,2800.1
20100,1,747,55,879,195.54,2800.1
20101,1,721,63,845,215.20,2800.1
20102,1,791,59,917,233.17,2800.1
20103,1,751,61,871,252.71,2800.1
20104,1,761,59,887,270.94,2800.1
20105,1,751,63,875,290.22,2800.1
20106,1,748,57,870,308.52,2800.1
20107,1,721,62,861,327.35,2800.1
20108,1,752,59,873,345.75,2800.1
20109,1,756,65,891,4.40,2800.1
20110,1,794,59,920,22.86,2800.1
20111,1,758,60,880,42.23,2800.1
20112,1,751,58,873,60.46,2800.1
20113,1,737,63,884,78.77,2800.1